Dataset/images/000000.png 712,143,810,307,0,8
Dataset/images/000001.png 599,156,629,189,3,69 387,181,423,203,1,58 676,163,688,193,5,45
Dataset/images/000002.png 657,190,700,223,1,34
Dataset/images/000003.png 614,181,727,284,1,13
Dataset/images/000004.png 280,185,344,215,1,38 365,184,406,205,1,51
Dataset/images/000005.png 330,178,360,238,0,23
Dataset/images/000006.png 548,171,572,194,1,48 505,168,575,209,1,31 49,185,227,246,1,19 328,170,397,204,1,38
Dataset/images/000007.png 564,174,616,224,1,25 481,180,512,202,1,47 542,175,565,193,1,60 330,176,355,213,5,34
Dataset/images/000008.png 0,192,402,374,1,3 334,178,624,372,1,7 937,197,1241,374,1,6 597,176,720,261,1,14 741,168,792,208,1,33 884,178,956,240,1,19
Dataset/images/000009.png 601,177,659,229,1,23 600,177,624,193,1,66 574,178,598,194,1,68
Dataset/images/000010.png 1013,182,1241,374,1,5 354,185,549,294,1,11 859,159,879,221,0,23 819,178,926,251,1,16 800,178,878,230,1,22 558,179,635,230,1,23 598,178,652,218,1,29 784,178,839,220,1,28 663,175,707,204,1,42
Dataset/images/000011.png 883,144,937,259,0,12 873,152,933,256,0,13 444,171,504,225,1,26 649,168,664,206,0,34 0,217,85,374,1,4 240,190,268,261,0,15
Dataset/images/000012.png 662,185,690,205,1,58 448,177,481,206,2,65
Dataset/images/000013.png 455,183,533,241,1,20
Dataset/images/000014.png 626,176,654,194,1,59
Dataset/images/000015.png 0,194,414,373,1,4 1021,133,1101,316,0,7 672,171,690,224,0,24 692,169,712,224,0,24 537,168,560,224,0,23
Dataset/images/000016.png 661,174,694,197,1,44 125,91,474,253,3,26 684,172,733,205,1,33 0,193,386,374,1,6 494,181,527,205,1,46 587,158,648,188,6,90
Dataset/images/000017.png 728,173,791,200,1,47
Dataset/images/000018.png 523,194,550,219,1,47 572,185,606,219,2,47 387,166,473,213,6,59
Dataset/images/000019.png 0,0,424,374,3,5 742,184,944,321,1,9 639,169,683,212,2,35 551,184,575,204,1,59
Dataset/images/000020.png 685,181,804,258,1,15
Dataset/images/000021.png 1056,190,1241,374,5,3 359,179,516,270,1,13 444,163,559,247,1,17 870,115,1101,213,2,21 724,171,790,215,1,25 534,166,596,216,1,26 709,162,765,205,1,32 562,166,605,206,1,31
Dataset/images/000022.png 128,199,218,237,1,31 60,198,159,238,1,31
Dataset/images/000023.png 599,156,629,189,3,69 372,182,412,205,1,55 677,164,690,195,5,44
Dataset/images/000024.png 517,162,564,196,1,36 443,168,480,195,1,38 427,165,455,185,1,52
Dataset/images/000025.png 896,218,1241,374,1,3 351,183,537,308,1,10 562,173,618,217,1,30 724,178,805,249,1,17 650,175,659,205,5,44 720,187,779,236,1,22
Dataset/images/000026.png 633,155,704,211,3,37 555,174,576,191,1,68
Dataset/images/000027.png 16,117,314,314,2,12 590,181,607,194,1,73
Dataset/images/000028.png 147,156,205,309,0,8
Dataset/images/000029.png 652,174,690,204,1,41
Dataset/images/000030.png 559,178,588,204,1,41
Dataset/images/000031.png 334,180,490,297,1,12 785,179,1028,340,1,8 711,179,848,277,1,13 445,131,539,228,3,22 660,178,713,222,1,26 620,171,649,200,2,51
Dataset/images/000032.png 178,189,435,344,1,9 776,182,1014,335,1,8 340,150,489,274,2,14 711,180,863,273,1,13 709,176,777,234,1,19 119,141,368,230,2,22 725,164,806,219,1,25 611,163,643,197,2,44 780,147,917,199,2,39 494,173,531,199,1,44
Dataset/images/000033.png 582,175,601,189,1,64 0,189,234,322,1,10
Dataset/images/000034.png 46,196,328,286,1,14 466,184,522,207,1,49
Dataset/images/000035.png 587,173,614,200,1,46 425,176,529,259,1,16 234,185,320,231,1,27 665,160,717,217,5,22 423,173,433,224,0,23
Dataset/images/000036.png 553,178,693,311,1,10 341,194,390,218,1,46 286,196,337,220,1,44 412,190,455,212,1,50 960,183,1104,229,1,26 1154,178,1241,222,1,26 1123,213,1241,374,1,4
Dataset/images/000037.png 555,173,628,240,1,19 27,0,512,375,3,10 473,183,535,226,1,24
Dataset/images/000038.png 592,176,637,219,1,28 895,158,1241,374,1,6 817,176,1038,302,1,10 749,177,940,262,1,14 489,180,521,201,1,50 302,188,409,250,1,18 682,173,796,220,1,24 659,174,745,209,1,31 640,167,707,198,2,46 434,175,472,199,1,52 456,177,487,197,1,58 412,177,437,195,1,59
Dataset/images/000039.png 114,193,466,374,1,7 683,184,776,256,1,16 533,177,574,212,1,33 653,180,702,220,1,29 561,178,585,201,1,48 639,175,667,200,1,49
Dataset/images/000040.png 474,179,516,210,1,35 691,168,700,198,0,42
Dataset/images/000041.png 439,178,508,205,1,41
Dataset/images/000042.png 576,174,604,202,1,44 390,163,450,196,6,94
Dataset/images/000043.png 471,174,502,266,0,12 441,170,473,268,0,12 684,161,711,230,0,20 719,160,745,229,0,20
Dataset/images/000044.png 0,203,365,374,1,5 378,183,507,276,1,13
Dataset/images/000045.png 75,192,273,277,1,15 694,152,734,188,6,79 269,176,375,242,1,21 346,186,419,229,1,27 387,178,455,221,1,31 455,181,500,209,1,41 480,181,517,205,1,46
Dataset/images/000046.png 578,176,625,221,1,26 597,168,634,207,1,35 769,151,1087,374,1,7 706,174,807,254,1,15 660,171,703,210,1,32 646,174,684,204,1,38
Dataset/images/000047.png 572,171,624,218,1,26 0,190,171,313,1,10 214,165,423,292,1,12 296,182,393,231,1,23 428,180,498,226,1,25 481,153,537,207,2,36 522,176,552,202,1,47 0,185,180,253,1,17 193,181,294,229,1,25
Dataset/images/000048.png 659,160,687,236,0,16 680,157,711,236,0,17 453,159,482,241,0,16 600,162,622,206,5,30
Dataset/images/000049.png 595,177,657,227,1,21 305,179,494,263,1,13 410,176,514,228,1,21 435,173,537,218,1,24 473,171,556,203,1,32 515,156,585,193,2,45 984,188,1128,374,0,4 823,189,1083,327,1,9 753,185,885,263,1,14 719,169,816,238,1,20 693,173,709,209,0,32 776,170,882,211,1,31 0,178,252,280,1,12 194,174,341,241,1,17 603,171,639,204,1,35 287,175,379,228,1,21 881,155,1040,215,2,32 0,170,111,240,1,17
Dataset/images/000050.png 683,170,803,257,1,14 262,182,469,318,1,9 910,159,1241,374,1,2 641,172,681,206,1,31 683,153,724,183,2,65
Dataset/images/000051.png 919,155,967,230,5,17 713,174,744,204,1,39
Dataset/images/000052.png 710,180,802,243,1,19 624,177,695,239,1,21 309,179,406,219,1,32 40,187,73,212,1,54 383,166,639,310,2,12 245,199,378,265,1,17
Dataset/images/000053.png 865,0,1241,374,2,2 173,180,429,359,1,8 707,185,834,271,1,14 444,180,519,231,1,20 499,171,546,212,1,28 653,176,706,216,1,29 526,173,563,203,1,38
Dataset/images/000054.png 768,141,840,316,0,7
Dataset/images/000055.png 569,125,642,214,3,34 31,193,129,230,1,32 104,188,188,220,1,36 183,187,245,217,1,42 227,189,281,211,1,47
Dataset/images/000056.png 540,181,571,205,1,48
Dataset/images/000057.png 0,224,199,374,1,1 514,193,563,231,1,30 572,176,591,196,1,76
Dataset/images/000058.png 410,163,498,327,0,7
Dataset/images/000059.png 558,180,599,213,1,30 509,180,543,205,1,41 969,195,1100,246,1,21 1129,194,1241,249,1,23 567,164,590,195,2,54
Dataset/images/000060.png 519,162,545,194,2,66 550,173,614,236,1,21 305,177,341,196,1,59 789,178,805,211,5,36
Dataset/images/000061.png 1054,105,1241,249,2,15 0,212,41,328,1,10 69,217,112,254,1,33 0,218,93,297,1,16 884,123,923,169,2,40
Dataset/images/000062.png 409,177,520,250,1,19 502,185,574,229,1,27 602,184,638,209,1,43 677,181,704,198,1,66 692,175,717,229,5,24
Dataset/images/000063.png 875,185,975,253,1,18 287,172,514,285,1,11 411,172,454,296,0,10 842,169,890,215,2,34
Dataset/images/000064.png 657,179,709,219,1,26 731,180,882,275,1,13 715,175,762,203,1,39 816,59,1112,266,3,16
Dataset/images/000065.png 602,172,626,220,0,25 301,131,451,213,6,34 444,132,516,207,6,36 505,128,738,201,6,39 982,215,1140,373,4,5 920,205,1000,352,4,6 763,198,823,287,4,10 800,197,863,285,4,10 738,201,796,277,4,11
Dataset/images/000066.png 671,168,710,206,1,31 591,172,633,199,1,40
Dataset/images/000067.png 671,174,702,195,1,47 0,73,444,270,3,23 704,171,744,200,1,38 427,179,600,281,1,12 76,181,384,306,1,11 478,182,515,207,1,43 591,158,651,188,6,89
Dataset/images/000068.png 69,200,435,374,1,6 0,209,198,374,1,6 1210,199,1241,374,5,3 478,187,549,249,1,20 530,187,573,226,1,31 547,171,584,212,2,46 667,182,790,230,1,25 657,184,763,221,1,32 637,180,714,212,1,39 572,175,596,199,2,65 380,167,523,288,2,14 958,167,1036,254,5,14
Dataset/images/000069.png 130,186,355,257,1,16 501,177,556,194,1,62
Dataset/images/000070.png 531,146,631,350,0,6
Dataset/images/000071.png 596,174,664,239,1,19 701,149,725,184,6,83
Dataset/images/000072.png 0,178,117,228,1,25 290,187,464,288,1,12 590,174,629,213,1,32
Dataset/images/000073.png 237,173,312,365,0,6 189,158,256,356,0,6 752,164,791,288,0,10 444,170,485,241,5,17 494,168,517,223,5,24 546,177,560,214,0,29 535,174,549,214,0,29
Dataset/images/000074.png 688,124,780,363,0,6 778,149,861,355,0,6 935,155,1006,306,0,7
Dataset/images/000075.png 0,137,159,374,1,1 452,186,572,264,1,16 540,182,621,237,1,22 611,182,671,222,1,28 804,165,846,190,1,53
Dataset/images/000076.png 90,186,329,373,0,4 964,157,1023,289,0,9 236,169,288,339,0,7 413,169,489,291,5,10 811,152,841,249,0,13 583,164,608,237,0,17 524,165,549,230,0,19 560,165,577,224,0,22 708,157,729,222,0,21
Dataset/images/000077.png 574,179,616,208,1,39
Dataset/images/000078.png 0,142,336,374,2,5 222,166,454,308,1,10 658,166,697,201,1,34 615,168,651,189,1,51
Dataset/images/000079.png 669,174,700,196,1,46 22,78,452,265,3,23 701,171,742,201,1,36 357,182,567,301,1,10 0,183,326,330,1,9 483,182,518,207,1,44 590,158,650,188,6,90
Dataset/images/000080.png 457,176,528,229,1,23 536,176,565,202,1,44 559,176,578,192,1,68 589,172,633,216,1,29
Dataset/images/000081.png 563,175,581,191,1,76 593,162,621,192,3,75 0,70,363,303,6,15 281,129,447,225,6,30
Dataset/images/000082.png 708,167,728,184,1,63 0,105,200,239,3,20
Dataset/images/000083.png 0,202,361,373,1,3 368,183,504,279,1,12 587,169,643,220,1,24 519,170,571,215,1,26 101,160,334,287,2,12 463,174,511,205,1,35
Dataset/images/000084.png 459,179,505,227,1,27 448,181,486,208,1,42
Dataset/images/000085.png 0,57,245,374,2,5 678,164,705,243,5,17 304,177,359,304,0,9 0,179,156,244,1,17
Dataset/images/000086.png 0,167,85,374,1,4 0,198,233,362,1,7 357,177,507,223,1,23 687,171,861,232,1,18 670,163,823,222,1,22 418,175,519,208,1,33 451,175,533,202,1,39
Dataset/images/000087.png 23,183,225,258,1,16 694,174,735,207,1,33 797,169,844,185,1,64 560,171,569,196,0,49 886,166,939,185,1,62 1053,158,1115,181,2,59
Dataset/images/000088.png 175,191,373,247,1,19
Dataset/images/000089.png 317,196,504,314,1,10 744,0,1241,374,2,6 657,176,720,224,1,24 458,184,538,243,1,19 704,177,853,287,1,12 635,178,665,203,1,41
Dataset/images/000090.png 5,199,126,269,1,18
Dataset/images/000091.png 902,156,947,228,5,18 709,175,738,203,1,41
Dataset/images/000092.png 654,176,688,201,1,47 359,187,456,240,1,23 420,175,496,228,1,28 686,173,733,211,1,31 692,163,724,207,1,36 1182,149,1241,197,1,21
Dataset/images/000093.png 0,187,326,374,1,7 722,168,812,237,1,21 246,194,425,297,1,12 359,185,479,258,1,16 550,176,587,202,1,43 605,174,626,190,1,70
Dataset/images/000094.png 660,189,747,252,1,19
Dataset/images/000095.png 599,182,667,247,1,19 774,172,963,270,1,13 705,179,802,228,1,24 673,181,757,216,1,30 146,192,340,290,1,14 452,183,509,222,1,31 527,181,563,206,1,48 241,191,355,242,1,24 327,181,399,228,1,30 581,180,609,196,1,68 410,183,465,213,1,40 486,184,533,204,1,53 71,187,194,239,1,22 87,185,204,220,1,32 648,178,673,194,1,72
Dataset/images/000096.png 783,184,1176,339,1,7 661,160,1003,300,1,10 279,178,368,242,2,22 505,185,557,219,1,31 639,187,879,275,1,13
Dataset/images/000097.png 536,176,569,194,1,58 717,174,738,193,1,56
Dataset/images/000098.png 659,182,722,240,1,22 207,189,361,280,1,14 345,190,424,240,1,22 744,186,780,207,1,49 824,183,852,198,1,69
Dataset/images/000099.png 0,192,334,374,1,5 846,184,1241,374,1,6 311,166,473,282,1,13 476,175,570,241,1,19 760,178,894,277,1,13 749,179,821,244,1,19 635,176,705,216,1,30 968,150,1045,197,2,33 906,152,973,193,2,34 806,140,852,179,3,70
Dataset/images/000100.png 0,58,320,374,2,7 684,165,710,242,5,18 359,182,400,285,0,11 19,179,206,238,1,18
Dataset/images/000101.png 569,177,636,240,1,19 0,212,108,265,1,24 106,200,220,253,1,25
Dataset/images/000102.png 1186,176,1241,246,1,18 1153,180,1221,212,1,34
Dataset/images/000103.png 854,154,921,293,0,9
Dataset/images/000104.png 818,180,882,238,1,22 362,181,534,261,1,15 610,182,684,222,1,28 683,182,729,213,1,36 713,181,750,207,1,44 739,181,769,203,1,52 855,185,886,212,1,43
Dataset/images/000105.png 975,98,1227,374,5,5 531,177,554,195,1,64
Dataset/images/000106.png 603,177,630,204,1,46 0,202,204,291,1,13 167,187,280,244,1,22 449,183,483,204,1,53
Dataset/images/000107.png 812,184,1241,374,1,4 733,182,934,317,1,9 683,178,792,258,1,15 470,178,539,233,1,22 671,179,733,228,1,23 650,179,692,214,1,31 634,177,666,203,1,42
Dataset/images/000108.png 568,172,674,273,1,13 862,148,932,247,5,14 0,0,494,367,6,12
Dataset/images/000109.png 810,154,875,302,0,8
Dataset/images/000110.png 862,129,1241,304,1,8 1184,141,1241,187,1,24 346,175,449,248,1,17 420,170,540,256,1,16 815,143,962,198,1,26 966,144,1039,182,1,35 1084,132,1173,177,2,36 1004,144,1087,178,1,36 407,178,487,230,1,24 657,166,702,198,1,35 599,171,631,197,1,47 557,165,591,181,1,80
Dataset/images/000111.png 591,174,640,220,1,26 1187,197,1241,374,1,4 386,185,455,225,1,27 738,169,918,253,1,14 684,174,809,227,1,21 682,169,770,211,1,29 651,164,736,204,2,36 646,173,712,199,1,43 393,175,444,206,1,42 536,160,566,188,2,80 425,175,465,200,1,48 490,176,516,192,1,71 372,177,404,199,1,49 135,178,175,203,1,44
Dataset/images/000112.png 1073,148,1241,275,1,13 0,191,78,374,1,4 0,183,199,341,1,7 0,159,335,300,1,10 233,166,440,248,1,16 274,177,461,237,1,18 95,175,371,266,1,13 451,174,549,205,1,34 998,161,1152,225,1,21 668,174,774,212,1,30
Dataset/images/000113.png 1077,205,1241,374,1,1 924,136,1241,374,1,7 530,162,585,223,2,26 833,127,1087,223,2,21 318,182,401,229,1,25 214,166,318,230,1,25 455,171,499,205,1,32 692,171,770,215,1,27 573,163,607,193,1,44 610,149,646,187,2,55 745,166,827,212,1,28 1119,132,1241,202,2,28 566,136,602,190,3,51 37,187,172,237,1,25 0,192,32,233,1,25
Dataset/images/000114.png 589,187,668,253,1,17 185,184,302,240,1,22 888,173,1019,266,5,13 682,157,763,235,2,21 447,168,472,258,0,15 325,175,390,216,2,32 409,180,515,231,1,24 445,184,542,220,1,30 485,181,556,211,1,37 520,180,572,200,1,51 579,180,622,220,1,29 329,179,388,205,1,42
Dataset/images/000115.png 466,178,527,202,1,46
Dataset/images/000116.png 793,146,1130,369,1,7 682,172,753,230,1,23 495,181,548,222,1,29 563,177,606,208,1,40
Dataset/images/000117.png 787,180,1089,304,1,10 0,185,277,293,1,11 739,184,969,278,1,12 66,176,291,264,1,13 110,170,328,253,1,16 202,166,363,245,1,18 242,169,366,224,1,24 453,178,492,204,1,49
Dataset/images/000118.png 631,172,653,215,0,27 415,134,483,206,6,38 474,132,700,203,6,41 872,203,975,321,4,7 841,198,902,304,4,9 738,193,784,265,4,13 720,196,767,258,4,14
Dataset/images/000119.png 381,186,479,256,1,16 446,151,526,230,2,24 496,183,587,252,1,17 853,151,933,258,5,12 519,180,550,206,1,40
Dataset/images/000120.png 57,202,394,374,1,8 0,210,119,374,1,2 814,164,997,262,1,13 346,185,485,278,1,14 455,186,532,243,1,20 486,186,549,232,1,25 664,178,721,227,1,24 785,164,985,229,1,17 679,180,745,220,1,29 716,175,783,212,1,33
Dataset/images/000121.png 721,170,752,196,1,42 637,172,683,202,1,38 340,183,415,224,1,27 487,180,524,205,1,44 595,156,659,188,6,87
Dataset/images/000122.png 581,177,650,244,1,19 788,160,833,230,5,19 448,115,553,224,6,31 112,1,518,325,6,15
Dataset/images/000123.png 602,176,634,198,1,48
Dataset/images/000124.png 815,147,902,176,1,38 543,164,570,185,1,52 589,164,611,185,5,57 613,162,621,184,0,58 473,167,484,191,0,57
Dataset/images/000125.png 518,165,740,374,1,7 207,191,314,224,1,34 376,185,418,205,1,53 62,201,144,232,1,37 327,183,399,214,1,38 335,187,374,208,1,52 425,181,464,201,1,53
Dataset/images/000126.png 315,189,441,267,1,15 524,149,594,197,2,43
Dataset/images/000127.png 753,181,905,276,1,13 604,172,676,198,1,42 487,170,502,214,0,28 845,171,912,223,5,22 796,166,866,192,1,45 962,163,1054,189,1,43 1167,156,1241,189,2,41 381,178,444,204,1,43 247,181,303,205,1,46 589,175,611,190,1,72 553,175,579,190,1,72
Dataset/images/000128.png 609,154,657,200,3,50 6,184,193,262,1,19
Dataset/images/000129.png 53,185,265,288,1,14 301,185,399,235,1,24 703,154,740,188,6,81 385,175,451,221,1,30 429,183,476,214,1,35 451,178,500,211,1,40 497,180,532,203,1,50
Dataset/images/000130.png 788,141,882,306,0,8
Dataset/images/000131.png 205,186,358,240,1,20 442,178,530,217,1,29 208,180,327,223,1,27 459,174,520,205,1,42 565,170,601,195,2,58 576,174,629,202,1,40 711,173,737,190,1,64
Dataset/images/000132.png 739,170,786,211,1,30 749,175,774,194,1,52 778,171,799,185,1,74
Dataset/images/000133.png 468,183,535,203,1,51
Dataset/images/000134.png 333,177,489,277,1,12 1084,129,1195,213,5,15 993,137,1070,203,5,20 562,158,594,225,0,19 790,154,834,194,5,30 402,157,427,234,0,17 858,151,887,197,5,27 196,177,229,234,0,21 189,181,219,236,0,20 283,168,364,241,5,17 241,176,270,234,0,20 210,172,242,244,0,18 334,162,354,234,0,19 1137,137,1223,177,1,28 1028,151,1157,185,1,28
Dataset/images/000135.png 367,194,448,247,1,22 662,175,723,221,1,25 417,191,481,231,1,27 464,181,511,218,1,36 484,181,522,210,1,42 1056,131,1168,181,2,35 0,208,101,248,1,30 36,203,157,247,1,29
Dataset/images/000136.png 0,210,370,374,1,6 646,165,700,204,1,34 364,195,436,239,1,30 939,163,1129,222,1,19 863,164,1030,214,1,22 689,163,724,190,1,45
Dataset/images/000137.png 595,175,627,206,1,41 666,163,724,194,3,72 0,103,272,267,3,19 317,186,376,218,1,37 426,182,458,202,1,57
Dataset/images/000138.png 38,181,140,224,1,27 382,181,491,251,1,17 269,176,317,202,1,46 307,175,355,199,1,51 547,176,571,194,1,58 506,172,549,209,1,35 586,174,623,211,1,33
Dataset/images/000139.png 594,177,621,204,1,48 623,163,660,193,3,74 133,177,268,244,2,23
Dataset/images/000140.png 706,162,820,248,1,16 453,179,526,235,1,22 550,173,603,211,1,32 685,170,744,209,1,28
Dataset/images/000141.png 405,184,530,263,1,15
Dataset/images/000142.png 1199,108,1241,348,0,5 36,165,248,374,5,5 835,166,1241,374,1,5 726,154,916,306,1,10 688,153,806,252,1,15 678,170,747,231,1,21 656,160,672,199,0,35 661,162,676,200,0,36 530,167,560,197,1,47 605,167,616,191,0,52 428,178,495,225,1,24 0,197,273,374,1,7 197,186,398,301,1,12 337,176,452,252,1,17
Dataset/images/000143.png 588,166,615,196,3,76 4,199,128,248,1,25 120,201,178,228,1,42 940,180,1003,202,1,49
Dataset/images/000144.png 919,162,1241,374,1,3 804,153,842,240,0,16 803,157,850,239,0,17 472,172,524,220,1,29 646,170,661,205,0,36 0,202,277,374,1,7 323,187,345,243,0,19
Dataset/images/000145.png 323,158,339,202,0,29 421,163,432,195,0,39 324,155,336,189,0,40 960,180,1069,229,1,23 1034,183,1155,229,1,23 1097,183,1223,230,1,24 346,154,357,191,0,39 396,166,429,255,0,13 501,157,553,255,0,13 676,152,784,270,5,11 79,151,225,335,5,7 601,171,637,199,1,37 297,155,312,195,0,34 221,153,232,197,0,30 997,173,1017,210,0,35
Dataset/images/000146.png 572,180,629,226,1,23 0,202,349,374,1,3 190,194,462,367,1,7 71,197,289,323,1,9 177,188,351,278,1,13 328,182,449,236,1,20 360,176,472,228,1,23 416,180,496,214,1,31 522,180,568,213,1,30 456,174,530,203,1,41 879,188,1241,374,1,3 661,180,728,230,1,22 645,126,719,212,3,32 747,166,761,215,0,26 36,186,184,236,1,22 588,176,624,208,1,35 279,178,340,208,1,37
Dataset/images/000147.png 707,157,837,261,2,14 415,167,437,241,0,18
Dataset/images/000148.png 782,174,860,203,1,41
Dataset/images/000149.png 593,176,617,199,1,51 509,180,558,218,1,29 745,183,941,315,1,10 693,175,817,269,1,14 679,173,756,244,1,18 653,177,707,219,1,28 637,176,666,202,1,43 647,176,689,212,1,33 391,183,456,206,1,48 304,182,377,207,1,48 766,160,790,230,0,19
Dataset/images/000150.png 565,175,616,225,1,25 453,183,494,211,1,38 531,177,560,199,1,50 273,180,307,226,5,28
Dataset/images/000151.png 0,200,303,369,1,3 991,147,1029,216,5,18 1213,130,1223,226,0,12 845,161,1004,210,1,22
Dataset/images/000152.png 45,196,447,374,1,6 751,155,1136,374,1,6 711,186,878,307,1,11 453,185,532,243,1,20 662,183,773,256,1,16 533,179,563,204,1,41 628,176,657,200,1,46
Dataset/images/000153.png 1217,85,1223,369,0,2 669,159,704,194,1,40 643,162,658,211,0,26 626,164,645,213,0,26
Dataset/images/000154.png 352,168,381,252,0,15 1110,160,1241,288,5,9 90,178,319,273,1,14 543,174,665,215,1,27 828,159,929,201,2,32 695,173,727,195,1,49 397,178,466,211,1,34 563,176,591,195,1,58 520,176,552,195,1,59
Dataset/images/000155.png 159,189,249,250,1,23 122,177,204,230,2,42 212,197,278,236,1,30 709,180,757,209,1,39
Dataset/images/000156.png 0,111,149,287,2,10 804,139,872,319,0,7
Dataset/images/000157.png 1201,177,1241,360,1,6 891,125,1231,319,1,9 656,173,892,262,1,14 0,176,63,355,5,8 581,183,728,244,1,18 319,192,406,238,1,23 219,194,279,242,1,26 198,150,271,234,3,31
Dataset/images/000158.png 1047,177,1179,218,1,30
Dataset/images/000159.png 748,163,893,265,1,15 0,208,267,374,1,6 170,187,405,313,1,10 526,173,570,203,1,37 724,176,802,229,1,21 709,170,767,216,1,26 702,170,747,206,1,32 591,170,614,187,1,64
Dataset/images/000160.png 493,183,549,226,1,26 558,180,580,200,1,58 343,179,379,203,1,59 591,179,633,220,1,30
Dataset/images/000161.png 172,196,368,305,1,12 315,194,431,261,1,18 388,190,463,241,1,23 431,188,493,227,1,29 812,153,946,204,1,24 808,152,897,200,1,27 778,158,875,201,1,29 1208,127,1241,174,1,24 1149,128,1241,175,1,26 1107,134,1241,174,1,29 1074,138,1215,176,1,32 475,186,522,217,1,36 666,175,714,212,1,30
Dataset/images/000162.png 3,173,121,220,1,28 135,175,207,209,1,35 159,166,223,195,1,45 573,171,633,230,1,22 760,173,771,200,5,45
Dataset/images/000163.png 258,164,438,248,1,17 321,171,472,230,1,21 804,152,871,197,1,35 857,161,917,193,1,36 374,175,495,216,1,26 398,175,492,214,1,29 404,167,515,208,1,32
Dataset/images/000164.png 10,164,103,201,1,35 554,172,616,233,1,21 153,167,206,195,1,45 764,178,776,206,5,42
Dataset/images/000165.png 581,178,636,223,1,24 0,189,164,374,1,4 287,164,471,259,1,15 356,163,486,243,1,18 412,177,511,221,1,26 443,167,536,215,1,29 652,148,715,206,2,32 583,173,617,204,1,37 0,133,374,360,2,7 0,116,226,235,3,21
Dataset/images/000166.png 0,175,44,219,1,24 296,172,339,192,1,55 222,157,275,189,1,57 570,169,616,215,1,27
Dataset/images/000167.png 949,151,1008,268,0,10 707,161,735,216,5,26 683,169,694,201,5,40
Dataset/images/000168.png 553,184,598,220,1,27 502,183,537,210,1,39 837,190,921,223,1,32 955,189,1046,226,1,34 560,165,585,198,2,52
Dataset/images/000169.png 784,177,1124,374,1,6 0,193,137,374,1,5 0,179,272,340,1,8 0,159,290,307,1,10 111,185,342,272,1,13 247,186,435,257,1,15 302,181,468,247,1,18 335,179,462,241,1,20 338,174,490,230,1,22 394,177,500,219,1,27 436,170,526,212,1,37 573,177,582,198,5,55 677,184,746,238,1,20 731,171,853,221,1,25 684,172,757,204,1,40 633,179,659,198,1,54
Dataset/images/000170.png 743,171,794,214,1,28 776,173,802,192,1,52 825,170,845,184,1,73
Dataset/images/000171.png 570,182,644,253,1,17 58,205,232,270,1,19 0,209,132,259,1,25 307,195,361,227,1,40
Dataset/images/000172.png 582,170,618,204,1,34 596,165,626,196,1,43 822,180,1241,374,1,4 727,171,890,304,1,10 708,168,814,253,1,15 658,164,711,212,1,28 0,189,251,303,1,12 257,181,376,243,1,19 637,167,661,190,1,53
Dataset/images/000173.png 0,186,305,374,1,2 233,178,571,374,1,7 917,200,1241,374,1,5 542,174,674,264,1,13 689,166,741,206,1,33 837,176,908,238,1,19 840,182,894,226,1,24
Dataset/images/000174.png 1000,172,1096,247,1,17 916,177,969,208,1,36
Dataset/images/000175.png 468,185,511,223,1,31 481,183,522,214,1,38 264,175,408,229,1,25
Dataset/images/000176.png 844,209,1241,374,1,3 425,182,542,273,1,14 500,164,585,243,1,19 553,169,615,225,1,25 624,179,669,207,1,41
Dataset/images/000177.png 35,165,198,335,5,8 419,144,541,233,2,22 638,172,682,227,5,24 1018,164,1053,247,0,14 928,165,958,237,0,17 835,179,887,230,4,19 823,182,876,227,4,20 347,180,438,211,1,35
Dataset/images/000178.png 605,177,632,202,1,46 888,190,1241,374,1,3 689,179,775,243,1,18 764,174,1027,348,1,8 182,193,325,243,1,23 2,194,164,246,1,23 681,177,742,229,1,23 657,177,696,208,1,37
Dataset/images/000179.png 591,175,657,239,1,20 739,98,880,218,6,29 720,130,786,202,6,41 711,139,757,196,6,53 271,180,288,230,0,23
Dataset/images/000180.png 541,181,566,197,1,63 439,183,507,206,1,51
Dataset/images/000181.png 834,194,1241,374,1,6 0,185,300,305,1,9 192,180,398,256,1,15 255,181,454,249,1,17 289,178,458,238,1,19 747,177,927,304,1,11 680,183,743,228,1,24 370,181,493,233,1,22 395,172,500,224,2,24 642,163,675,197,2,52 486,176,553,199,1,48 504,171,565,197,1,53 633,162,657,190,2,69
Dataset/images/000182.png 78,202,387,374,1,7 329,168,477,282,2,13 502,181,555,219,1,30
Dataset/images/000183.png 884,170,1241,374,1,3 51,170,365,305,1,10 696,146,803,241,2,18 682,167,741,220,1,26 662,169,696,200,1,41 551,176,580,200,1,47 589,172,618,193,1,58
Dataset/images/000184.png 611,177,643,201,1,50 443,184,500,217,1,35 474,176,523,212,1,40 659,175,688,202,1,44 962,162,1053,192,1,34
Dataset/images/000185.png 0,206,264,374,1,3 181,157,454,374,1,8 400,173,526,281,1,14 544,185,606,225,1,30 586,184,635,217,1,36 630,185,673,212,1,41
Dataset/images/000186.png 0,195,206,374,1,7 889,189,1241,374,1,3 460,182,513,216,1,32 678,170,697,211,0,29 534,177,600,199,1,49 337,183,418,211,1,39 101,181,205,234,1,24 641,174,710,195,1,53 511,155,597,199,3,60
Dataset/images/000187.png 222,178,261,261,0,16
Dataset/images/000188.png 846,157,1036,281,1,12 581,181,661,245,1,18 657,175,692,209,1,34 768,169,811,210,1,33
Dataset/images/000189.png 660,145,706,262,0,10 549,129,578,225,0,14 592,142,623,224,0,14 654,147,678,222,0,15 413,145,453,193,5,26
Dataset/images/000190.png 1104,128,1237,373,0,4 438,172,575,279,1,12 772,152,816,255,0,11 619,123,708,223,2,21
Dataset/images/000191.png 577,178,614,211,1,36 0,206,198,375,1,2 233,188,362,253,1,17 373,190,501,272,1,14 358,184,432,227,1,27 462,184,518,221,1,30 509,159,550,205,2,46 0,188,124,269,1,14 206,187,303,230,1,25 289,179,361,217,1,32
Dataset/images/000192.png 573,179,605,209,1,41 0,188,175,325,1,9 140,187,315,268,1,15 238,105,461,293,2,13 450,185,512,229,1,25 487,184,528,213,1,37 0,185,111,278,1,13
Dataset/images/000193.png 70,146,177,330,0,7
Dataset/images/000194.png 493,180,572,236,1,21 583,175,620,204,1,37 818,166,831,203,0,34
Dataset/images/000195.png 934,166,979,274,0,12 681,172,696,205,5,43
Dataset/images/000196.png 544,200,582,236,1,34
Dataset/images/000197.png 164,198,347,297,1,12 693,175,802,251,1,16 314,192,428,256,1,18 412,178,482,230,1,26 450,181,503,219,1,33 636,176,656,193,1,65
Dataset/images/000198.png 144,188,363,306,1,11 335,175,437,241,1,20 1210,113,1241,331,2,6
Dataset/images/000199.png 842,161,918,319,0,7
Dataset/images/000200.png 602,178,663,238,1,21 797,186,1018,325,1,9 880,173,929,335,0,7
